 0.000000 0.000000 0.000000 
 0.005000 0.000250 -0.000007 
 0.010000 0.000500 -0.000036 
 0.015000 0.000750 -0.000129 
 0.020000 0.001000 -0.000192 
 0.025000 0.001250 -0.000314 
 0.030000 0.001500 -0.000467 
 0.035000 0.001750 -0.000601 
 0.040000 0.002000 -0.000732 
 0.045000 0.002250 -0.000884 
 0.050000 0.002500 -0.001037 
 0.055000 0.002750 -0.001169 
 0.060000 0.003000 -0.001271 
 0.065000 0.003250 -0.001353 
 0.070000 0.003500 -0.001462 
 0.075000 0.003750 -0.001620 
 0.080000 0.004000 -0.001776 
 0.085000 0.004250 -0.001937 
 0.090000 0.004500 -0.002092 
 0.095000 0.004750 -0.002276 
 0.100000 0.005000 -0.002481 
 0.105000 0.005250 -0.002618 
 0.110000 0.005500 -0.002771 
 0.115000 0.005750 -0.002907 
 0.120000 0.006000 -0.003041 
 0.125000 0.006250 -0.003183 
 0.130000 0.006500 -0.003349 
 0.135000 0.006750 -0.003517 
 0.140000 0.007000 -0.003723 
 0.145000 0.007250 -0.003883 
 0.150000 0.007500 -0.004043 
 0.155000 0.007750 -0.004191 
 0.160000 0.008000 -0.004332 
 0.165000 0.008250 -0.004469 
 0.170000 0.008500 -0.004573 
 0.175000 0.008750 -0.004664 
 0.180000 0.009000 -0.004685 
 0.185000 0.009250 -0.004692 
 0.190000 0.009500 -0.004668 
 0.195000 0.009750 -0.004639 
 0.200000 0.010000 -0.004552 
 0.205000 0.010250 -0.004484 
 0.210000 0.010500 -0.004395 
 0.215000 0.010750 -0.004255 
 0.220000 0.011000 -0.004143 
 0.225000 0.011250 -0.004083 
 0.230000 0.011500 -0.004044 
 0.235000 0.011750 -0.004000 
 0.240000 0.012000 -0.003944 
 0.245000 0.012250 -0.003882 
 0.250000 0.012500 -0.003844 
 0.255000 0.012750 -0.003867 
 0.260000 0.013000 -0.003849 
 0.265000 0.013250 -0.003872 
 0.270000 0.013500 -0.003881 
 0.275000 0.013750 -0.003872 
 0.280000 0.014000 -0.003858 
 0.285000 0.014250 -0.003871 
 0.290000 0.014500 -0.003869 
 0.295000 0.014750 -0.003889 
 0.300000 0.015000 -0.003915 
 0.305000 0.015250 -0.003930 
 0.310000 0.015500 -0.003921 
 0.315000 0.015750 -0.003908 
 0.320000 0.016000 -0.003884 
 0.325000 0.015750 -0.003908 
 0.330000 0.015500 -0.003921 
 0.335000 0.015250 -0.003930 
 0.340000 0.015000 -0.003915 
 0.345000 0.014750 -0.003889 
 0.350000 0.014500 -0.003869 
 0.355000 0.014250 -0.003871 
 0.360000 0.014000 -0.003858 
 0.365000 0.013750 -0.003872 
 0.370000 0.013500 -0.003881 
 0.375000 0.013250 -0.003872 
 0.380000 0.013000 -0.003849 
 0.385000 0.012750 -0.003867 
 0.390000 0.012500 -0.003844 
 0.395000 0.012250 -0.003882 
 0.400000 0.012000 -0.003944 
 0.405000 0.011750 -0.004000 
 0.410000 0.011500 -0.004044 
 0.415000 0.011250 -0.004083 
 0.420000 0.011000 -0.004143 
 0.425000 0.010750 -0.004255 
 0.430000 0.010500 -0.004395 
 0.435000 0.010250 -0.004484 
 0.440000 0.010000 -0.004552 
 0.445000 0.009750 -0.004639 
 0.450000 0.009500 -0.004668 
 0.455000 0.009250 -0.004692 
 0.460000 0.009000 -0.004685 
 0.465000 0.008750 -0.004664 
 0.470000 0.008500 -0.004573 
 0.475000 0.008250 -0.004469 
 0.480000 0.008000 -0.004332 
 0.485000 0.007750 -0.004191 
 0.490000 0.007500 -0.004043 
 0.495000 0.007250 -0.003883 
 0.500000 0.007000 -0.003723 
 0.505000 0.006750 -0.003517 
 0.510000 0.006500 -0.003349 
 0.515000 0.006250 -0.003183 
 0.520000 0.006000 -0.003041 
 0.525000 0.005750 -0.002907 
 0.530000 0.005500 -0.002771 
 0.535000 0.005250 -0.002618 
 0.540000 0.005000 -0.002481 
 0.545000 0.004750 -0.002276 
 0.550000 0.004500 -0.002092 
 0.555000 0.004250 -0.001937 
 0.560000 0.004000 -0.001776 
 0.565000 0.003750 -0.001620 
 0.570000 0.003500 -0.001462 
 0.575000 0.003250 -0.001353 
 0.580000 0.003000 -0.001271 
 0.585000 0.002750 -0.001169 
 0.590000 0.002500 -0.001037 
 0.595000 0.002250 -0.000884 
 0.600000 0.002000 -0.000732 
 0.605000 0.001750 -0.000601 
 0.610000 0.001500 -0.000467 
 0.615000 0.001250 -0.000314 
 0.620000 0.001000 -0.000192 
 0.625000 0.000750 -0.000129 
 0.630000 0.000500 -0.000036 
 0.635000 0.000250 -0.000007 
 0.640000 0.000000 0.000000 
